date,lat[unit="degrees_north"],lon[unit="degrees_east"],cft[unit="1"],dir[unit="degree"],mod[unit="m s-1"],prec[unit="kg m-2"],rh[unit="1"],t2m[unit="K"],u[unit="m s-1"],v[unit="m s-1"]
2012-03-07T01:00:00Z,43.339286234347675,-5.858834520544583,1.0,143.01309,1.2303321,0,0.8009344,276.561,-0.7402075,0.9827564
2012-03-07T02:00:00Z,43.339286234347675,-5.858834520544583,1.0,163.48721,0.88053274,0,0.8025387,276.45987,-0.25027344,0.8442163
2012-03-07T03:00:00Z,43.339286234347675,-5.858834520544583,0.99,69.43665,0.17960787,0,0.8049469,276.27414,-0.16816406,-0.063085936
2012-03-07T04:00:00Z,43.339286234347675,-5.858834520544583,0.99,146.48758,0.35291138,0,0.800791,276.3638,-0.19484863,0.2942456
2012-03-07T05:00:00Z,43.339286234347675,-5.858834520544583,1.0,63.252525,0.12448454,0,0.8020305,276.65524,-0.11116455,-0.05602539
2012-03-07T06:00:00Z,43.339286234347675,-5.858834520544583,1.0,101.931854,0.2700036,0,0.79943633,277.15942,-0.26416993,0.055822752
2012-03-07T07:00:00Z,43.339286234347675,-5.858834520544583,1.0,143.87015,0.28184235,0,0.80047697,277.47574,-0.1661792,0.22763915
2012-03-07T08:00:00Z,43.339286234347675,-5.858834520544583,1.0,154.74861,0.5754026,0,0.7904969,278.15488,-0.24546142,0.5204199
2012-03-07T09:00:00Z,43.339286234347675,-5.858834520544583,1.0,165.48161,0.2791408,0,0.7711203,280.06488,-0.06997803,0.27022704
2012-03-07T10:00:00Z,43.339286234347675,-5.858834520544583,0.99,159.53543,0.88599205,0,0.49872658,283.88855,-0.30976808,0.8300757
2012-03-07T11:00:00Z,43.339286234347675,-5.858834520544583,0,283.86505,1.5042043,0,0.5072156,286.11862,1.460376,-0.3604614
2012-03-07T12:00:00Z,43.339286234347675,-5.858834520544583,1.0,293.4968,3.1742563,0,0.56475973,287.27136,2.9110546,-1.2655689
2012-03-07T13:00:00Z,43.339286234347675,-5.858834520544583,1.0,307.0165,2.793533,0,0.61740774,287.16614,2.2305298,-1.6818335
2012-03-07T14:00:00Z,43.339286234347675,-5.858834520544583,0,298.01233,3.1652982,0,0.6643409,288.02774,2.7944727,-1.4866186
2012-03-07T15:00:00Z,43.339286234347675,-5.858834520544583,0.99,296.23108,4.068242,0,0.6991375,288.65057,3.6492896,-1.7981323
2012-03-07T16:00:00Z,43.339286234347675,-5.858834520544583,1.0,307.44418,3.3439882,0,0.82103276,287.39487,2.6549463,-2.0331054
2012-03-07T17:00:00Z,43.339286234347675,-5.858834520544583,1.0,301.34863,4.0429893,0,0.85415465,286.40088,3.452783,-2.1033423
2012-03-07T18:00:00Z,43.339286234347675,-5.858834520544583,1.0,297.14902,4.7162046,0,0.9183793,285.4395,4.196586,-2.1520338
2012-03-07T19:00:00Z,43.339286234347675,-5.858834520544583,1.0,295.65234,4.8622274,0.216,0.9645746,285.0807,4.382993,-2.104905
2012-03-07T20:00:00Z,43.339286234347675,-5.858834520544583,1.0,302.60464,4.6898656,0.539,0.9731293,284.7364,3.9507837,-2.5270824
2012-03-07T21:00:00Z,43.339286234347675,-5.858834520544583,1.0,315.5864,3.4098125,0.306,0.9757715,284.3608,2.386299,-2.4356518
2012-03-07T22:00:00Z,43.339286234347675,-5.858834520544583,1.0,308.56454,2.9777536,0.70300007,0.98644847,284.1062,2.3283253,-1.8563184
2012-03-07T23:00:00Z,43.339286234347675,-5.858834520544583,1.0,359.775,4.189305,0.30700004,0.95671636,283.45306,0.016452637,-4.1892724
2012-03-08T00:00:00Z,43.339286234347675,-5.858834520544583,1.0,11.54974,3.4438922,0,0.9578738,282.8508,-0.68953127,-3.3741577
2012-03-08T01:00:00Z,43.339286234347675,-5.858834520544583,0.8008813,20.732546,3.390569,0,0.97905624,282.31732,-1.2002832,-3.171006
2012-03-08T02:00:00Z,43.339286234347675,-5.858834520544583,1.0,37.44479,2.786675,0,0.96825117,281.91193,-1.6942896,-2.2124512
2012-03-08T03:00:00Z,43.339286234347675,-5.858834520544583,0,69.92499,2.2231688,0,0.96107775,281.6958,-2.088098,-0.763103
2012-03-08T04:00:00Z,43.339286234347675,-5.858834520544583,0.9007898,66.52334,1.3476969,0,0.98661387,280.88913,-1.2361377,-0.5368897
2012-03-08T05:00:00Z,43.339286234347675,-5.858834520544583,0.92437625,65.49389,2.8661127,0,0.93187255,281.0867,-2.6079247,-1.1888355
2012-03-08T06:00:00Z,43.339286234347675,-5.858834520544583,0,85.15205,2.275962,0,0.9305946,280.90332,-2.26782,-0.19234619
2012-03-08T07:00:00Z,43.339286234347675,-5.858834520544583,0,87.19225,1.7523869,0,0.964084,279.11093,-1.7502832,-0.085839845
2012-03-08T08:00:00Z,43.339286234347675,-5.858834520544583,0,110.34949,1.8994136,0,0.8552587,280.9638,-1.7808691,0.6605127
2012-03-08T09:00:00Z,43.339286234347675,-5.858834520544583,0,90.93446,1.5905557,0,0.7512131,282.61093,-1.5903442,0.025939941
2012-03-08T10:00:00Z,43.339286234347675,-5.858834520544583,0.98,53.3205,1.8829913,0,0.6944363,283.5635,-1.5101391,-1.1247827
2012-03-08T11:00:00Z,43.339286234347675,-5.858834520544583,0,48.321102,2.9566426,0,0.6489322,284.8163,-2.2082665,-1.9660351
2012-03-08T12:00:00Z,43.339286234347675,-5.858834520544583,0,42.913666,3.602834,0,0.6428847,285.45886,-2.4531543,-2.638645
2012-03-08T13:00:00Z,43.339286234347675,-5.858834520544583,0,47.5444,3.8258235,0,0.6084292,286.1077,-2.8226953,-2.5825024
2012-03-08T14:00:00Z,43.339286234347675,-5.858834520544583,0,52.897026,4.4230123,0,0.61840206,286.41418,-3.5275855,-2.6681788
2012-03-08T15:00:00Z,43.339286234347675,-5.858834520544583,0,46.125824,4.4946504,0,0.6405455,286.15643,-3.2400293,-3.1151392
2012-03-08T16:00:00Z,43.339286234347675,-5.858834520544583,0,55.480698,4.8627944,0,0.6849324,285.33212,-4.0066285,-2.7556665
2012-03-08T17:00:00Z,43.339286234347675,-5.858834520544583,0,59.539223,4.659089,0,0.76124376,283.94812,-4.0160255,-2.3619165
2012-03-08T18:00:00Z,43.339286234347675,-5.858834520544583,0,60.95045,4.3380394,0,0.82386565,282.20026,-3.7923145,-2.1064038
2012-03-08T19:00:00Z,43.339286234347675,-5.858834520544583,0.76,70.64721,3.3777847,0,0.85654783,281.00693,-3.1869264,-1.1193433
2012-03-08T20:00:00Z,43.339286234347675,-5.858834520544583,0,69.68795,3.5801504,0,0.86163324,280.405,-3.357522,-1.2427881
2012-03-08T21:00:00Z,43.339286234347675,-5.858834520544583,0,72.22389,4.1004534,0,0.82522064,280.23755,-3.904685,-1.2518604
2012-03-08T22:00:00Z,43.339286234347675,-5.858834520544583,0,76.42821,3.4101098,0,0.8257132,279.8293,-3.3148878,-0.8002295
2012-03-08T23:00:00Z,43.339286234347675,-5.858834520544583,0,83.347565,3.2769854,0,0.809527,279.51962,-3.254922,-0.37962645
2012-03-09T00:00:00Z,43.339286234347675,-5.858834520544583,0.92,74.33702,3.1815407,0,0.81194025,279.2773,-3.0633984,-0.85894775
2012-03-09T01:00:00Z,43.339286234347675,-5.858834520544583,0,74.2706,2.7531743,0,0.84284955,278.87582,-2.6500757,-0.7463696
2012-03-09T02:00:00Z,43.339286234347675,-5.858834520544583,0,71.787636,2.4391503,0,0.86503166,278.17313,-2.3169603,-0.76233155
2012-03-09T03:00:00Z,43.339286234347675,-5.858834520544583,0,69.88177,2.6753151,0,0.85760355,277.86044,-2.5120802,-0.9201977
2012-03-09T04:00:00Z,43.339286234347675,-5.858834520544583,0,79.37382,2.6271272,0,0.8508969,277.65543,-2.582075,-0.48444337
2012-03-09T05:00:00Z,43.339286234347675,-5.858834520544583,0,83.79931,2.2595618,0,0.8384762,277.44757,-2.2463427,-0.24405761
2012-03-09T06:00:00Z,43.339286234347675,-5.858834520544583,0,88.86849,1.6715319,0,0.82576996,277.25256,-1.671206,-0.03300781
2012-03-09T07:00:00Z,43.339286234347675,-5.858834520544583,0,93.36052,0.45010257,0,0.83365196,276.99814,-0.4493286,0.026384277
2012-03-09T08:00:00Z,43.339286234347675,-5.858834520544583,0,222.0991,0.20293003,0,0.8305133,279.20105,0.13604736,0.15057129
2012-03-09T09:00:00Z,43.339286234347675,-5.858834520544583,0,99.57473,0.46463916,0,0.5719063,282.31287,-0.4581665,0.077285156
2012-03-09T10:00:00Z,43.339286234347675,-5.858834520544583,0,38.582424,1.4656776,0,0.54495996,285.02557,-0.91405517,-1.1457373
2012-03-09T11:00:00Z,43.339286234347675,-5.858834520544583,0,49.764812,2.3510914,0,0.57572365,287.47876,-1.7948217,-1.5186328
2012-03-09T12:00:00Z,43.339286234347675,-5.858834520544583,0,56.14743,3.0723734,0,0.5593115,289.13943,-2.5515258,-1.7114892
2012-03-09T13:00:00Z,43.339286234347675,-5.858834520544583,0,38.02514,3.3637393,0,0.56555116,289.928,-2.0720873,-2.6497538
2012-03-09T14:00:00Z,43.339286234347675,-5.858834520544583,1.0,43.90126,4.1225615,0,0.6183371,289.44238,-2.8586571,-2.970453
2012-03-09T15:00:00Z,43.339286234347675,-5.858834520544583,0,53.249874,3.736374,0,0.66170317,288.96445,-2.9937792,-2.2355704
2012-03-09T16:00:00Z,43.339286234347675,-5.858834520544583,0,41.222267,4.17668,0,0.6839121,288.5687,-2.752356,-3.1415274
2012-03-09T17:00:00Z,43.339286234347675,-5.858834520544583,0,49.06051,3.0095248,0,0.777905,287.2262,-2.2734008,-1.9720263
2012-03-09T18:00:00Z,43.339286234347675,-5.858834520544583,0,60.671886,2.3157027,0,0.87474763,285.24332,-2.0188966,-1.1342554
2012-03-09T19:00:00Z,43.339286234347675,-5.858834520544583,0,40.988316,2.5922217,0,0.9040844,283.6352,-1.7002515,-1.9567212
2012-03-09T20:00:00Z,43.339286234347675,-5.858834520544583,0,56.72002,0.98784465,0,0.9402934,282.49576,-0.8258374,-0.54206055
2012-03-09T21:00:00Z,43.339286234347675,-5.858834520544583,0,339.55823,0.5871865,0,0.9575234,281.66382,0.20507812,-0.55020994
2012-03-09T22:00:00Z,43.339286234347675,-5.858834520544583,0.98,71.15953,0.4732362,0,0.9636324,281.02536,-0.44788086,-0.15282422
2012-03-09T23:00:00Z,43.339286234347675,-5.858834520544583,0,127.03695,0.7609052,0,0.9428398,280.76593,-0.60739017,0.45831642
2012-03-10T00:00:00Z,43.339286234347675,-5.858834520544583,1.0,333.6578,0.38937026,0,0.9157676,280.56982,0.17277588,-0.348938
