date,lat[unit="degrees_north"],lon[unit="degrees_east"],cft[unit="1"],dir[unit="degree"],mod[unit="m s-1"],prec[unit="kg m-2"],rh[unit="1"],t2m[unit="K"],u[unit="m s-1"],v[unit="m s-1"]
2012-03-07T13:00:00Z,43.339286234347675,-5.858834520544583,1.0,317.67996,3.6106026,0,0.57630306,289.1,2.4309156,-2.6696632
2012-03-07T14:00:00Z,43.339286234347675,-5.858834520544583,1.0,301.47052,2.9996812,0,0.5835606,289.55618,2.5584545,-1.5660132
2012-03-07T15:00:00Z,43.339286234347675,-5.858834520544583,1.0,335.88956,5.109053,0,0.66403043,288.94318,2.0870337,-4.663337
2012-03-07T16:00:00Z,43.339286234347675,-5.858834520544583,1.0,309.87305,3.5397663,0,0.77806115,287.15936,2.7166529,-2.2693043
2012-03-07T17:00:00Z,43.339286234347675,-5.858834520544583,1.0,310.43973,2.9935052,0,0.87969816,285.88718,2.2783227,-1.941731
2012-03-07T18:00:00Z,43.339286234347675,-5.858834520544583,1.0,294.16934,4.297841,0,0.9223539,284.99057,3.921089,-1.7596875
2012-03-07T19:00:00Z,43.339286234347675,-5.858834520544583,1.0,292.82922,4.5380945,0.105000004,0.9382215,284.6581,4.182605,-1.7607154
2012-03-07T20:00:00Z,43.339286234347675,-5.858834520544583,1.0,303.12308,5.056407,0.597,0.9663746,284.52194,4.234734,-2.76302
2012-03-07T21:00:00Z,43.339286234347675,-5.858834520544583,1.0,339.28937,5.2853336,0.62899995,0.95711017,284.08487,1.8691504,-4.9437866
2012-03-07T22:00:00Z,43.339286234347675,-5.858834520544583,1.0,341.84167,4.393019,0,0.94176835,283.40976,1.3690552,-4.174243
2012-03-07T23:00:00Z,43.339286234347675,-5.858834520544583,1.0,355.10712,3.580325,0.116999984,0.9374875,282.97476,0.30537596,-3.567278
2012-03-08T00:00:00Z,43.339286234347675,-5.858834520544583,1.0,356.63043,3.114366,0,0.95769453,282.62988,0.18305176,-3.1089818
2012-03-08T01:00:00Z,43.339286234347675,-5.858834520544583,1.0,25.203506,2.259596,0,0.936339,282.17645,-0.96221435,-2.0444849
2012-03-08T02:00:00Z,43.339286234347675,-5.858834520544583,1.0,33.7681,2.4846313,0,0.975256,281.42676,-1.3810401,-2.065459
2012-03-08T03:00:00Z,43.339286234347675,-5.858834520544583,1.0,49.333008,2.9822586,0,0.94553643,281.27426,-2.2620728,-1.9434228
2012-03-08T04:00:00Z,43.339286234347675,-5.858834520544583,1.0,63.549442,2.2258945,0,0.9605572,280.60437,-1.9928857,-0.99146974
2012-03-08T05:00:00Z,43.339286234347675,-5.858834520544583,0.77604556,69.487915,2.4173143,0,0.9424089,280.89093,-2.2640526,-0.84703857
2012-03-08T06:00:00Z,43.339286234347675,-5.858834520544583,1.0,62.61964,2.824443,0,0.92810977,280.8537,-2.5080297,-1.2989478
2012-03-08T07:00:00Z,43.339286234347675,-5.858834520544583,0.83,67.88986,2.5010087,0,0.92410165,280.67908,-2.3170898,-0.9413501
2012-03-08T08:00:00Z,43.339286234347675,-5.858834520544583,0.85,72.13548,2.4521961,0,0.9078307,280.71387,-2.3339624,-0.7522534
2012-03-08T09:00:00Z,43.339286234347675,-5.858834520544583,0.87,73.91857,2.1172903,0,0.8634121,281.5137,-2.0344384,-0.5864966
2012-03-08T10:00:00Z,43.339286234347675,-5.858834520544583,0.98439056,85.3867,2.2887774,0,0.7482205,282.79486,-2.2813623,-0.18408692
2012-03-08T11:00:00Z,43.339286234347675,-5.858834520544583,0,86.5247,2.2703934,0,0.67500913,283.77356,-2.2662182,-0.13762695
2012-03-08T12:00:00Z,43.339286234347675,-5.858834520544583,0,62.813805,3.1599908,0,0.63940686,284.90106,-2.810896,-1.4437475
2012-03-08T13:00:00Z,43.339286234347675,-5.858834520544583,0,58.940704,3.7709746,0,0.6283947,285.34506,-3.2303443,-1.9455396
2012-03-08T14:00:00Z,43.339286234347675,-5.858834520544583,0,49.69588,4.6284847,0,0.6500573,285.45825,-3.5297828,-2.993911
2012-03-08T15:00:00Z,43.339286234347675,-5.858834520544583,0,60.96091,4.5635724,0,0.6670001,285.27426,-3.9898803,-2.2151856
2012-03-08T16:00:00Z,43.339286234347675,-5.858834520544583,0,65.2253,4.5463443,0,0.6871547,284.68045,-4.12791,-1.9051514
2012-03-08T17:00:00Z,43.339286234347675,-5.858834520544583,0.76,67.368996,4.538982,0,0.744223,283.42838,-4.18949,-1.7465771
2012-03-08T18:00:00Z,43.339286234347675,-5.858834520544583,0.76,73.96488,4.40544,0,0.78564215,281.81793,-4.2340355,-1.2168994
2012-03-08T19:00:00Z,43.339286234347675,-5.858834520544583,1.0,80.40189,4.2069798,0,0.8091586,280.75626,-4.1480885,-0.70145506
2012-03-08T20:00:00Z,43.339286234347675,-5.858834520544583,1.0,87.93661,4.0890946,0,0.83831793,280.14737,-4.086443,-0.147229
2012-03-08T21:00:00Z,43.339286234347675,-5.858834520544583,1.0,89.22178,4.141151,0,0.833432,279.9468,-4.140769,-0.05624512
2012-03-08T22:00:00Z,43.339286234347675,-5.858834520544583,0.76,88.340164,4.0655293,0,0.8058164,279.7855,-4.063823,-0.11776123
2012-03-08T23:00:00Z,43.339286234347675,-5.858834520544583,0.85,84.74636,4.2725306,0,0.79764575,279.51376,-4.2545824,-0.3912134
2012-03-09T00:00:00Z,43.339286234347675,-5.858834520544583,1.0,87.10704,4.630173,0,0.7834113,279.35794,-4.6242723,-0.23368652
2012-03-09T01:00:00Z,43.339286234347675,-5.858834520544583,0.98,83.29932,4.422265,0,0.77802736,279.1788,-4.392058,-0.516001
2012-03-09T02:00:00Z,43.339286234347675,-5.858834520544583,0.98,76.76914,3.7497065,0,0.7893508,278.80643,-3.6501734,-0.85821533
2012-03-09T03:00:00Z,43.339286234347675,-5.858834520544583,1.0,82.46141,2.7139063,0,0.8263328,278.4917,-2.6904492,-0.35604736
2012-03-09T04:00:00Z,43.339286234347675,-5.858834520544583,1.0,100.271034,2.88579,0,0.8303914,278.2138,-2.839546,0.5145508
2012-03-09T05:00:00Z,43.339286234347675,-5.858834520544583,1.0,80.17366,3.78001,0,0.7776125,278.90292,-3.7245557,-0.645105
2012-03-09T06:00:00Z,43.339286234347675,-5.858834520544583,1.0,77.62706,3.9511757,0,0.78436136,278.79324,-3.8594043,-0.8466333
2012-03-09T07:00:00Z,43.339286234347675,-5.858834520544583,0,74.87133,3.5980756,0,0.8019453,278.57874,-3.4733741,-0.93905276
2012-03-09T08:00:00Z,43.339286234347675,-5.858834520544583,0,80.41892,2.9604652,0,0.74742967,280.2707,-2.91917,-0.49274904
2012-03-09T09:00:00Z,43.339286234347675,-5.858834520544583,0,70.15864,2.598882,0,0.67670435,282.45175,-2.444602,-0.8821045
2012-03-09T10:00:00Z,43.339286234347675,-5.858834520544583,0,61.297752,3.1949477,0,0.6278616,284.72726,-2.8023756,-1.5343994
2012-03-09T11:00:00Z,43.339286234347675,-5.858834520544583,0,55.21473,3.4604616,0,0.5877652,286.63745,-2.842063,-1.9742017
2012-03-09T12:00:00Z,43.339286234347675,-5.858834520544583,0,58.39301,3.6474364,0,0.57196593,287.83707,-3.1063867,-1.9115845
2012-03-09T13:00:00Z,43.339286234347675,-5.858834520544583,0,55.215412,4.2933264,0,0.59481025,288.432,-3.5261207,-2.4493115
2012-03-09T14:00:00Z,43.339286234347675,-5.858834520544583,0,55.936626,4.4513087,0,0.6123409,288.49194,-3.6875465,-2.4932203
2012-03-09T15:00:00Z,43.339286234347675,-5.858834520544583,0,56.21161,4.3245077,0,0.6313671,288.2722,-3.594087,-2.4049757
2012-03-09T16:00:00Z,43.339286234347675,-5.858834520544583,0,53.800636,4.2132444,0,0.6681603,287.65088,-3.3999488,-2.4883277
2012-03-09T17:00:00Z,43.339286234347675,-5.858834520544583,0,52.159122,3.865794,0,0.7623757,286.11075,-3.0528858,-2.3715503
2012-03-09T18:00:00Z,43.339286234347675,-5.858834520544583,0,55.922417,3.2490485,0,0.8391941,284.19495,-2.6911206,-1.8204907
2012-03-09T19:00:00Z,43.339286234347675,-5.858834520544583,0,58.633976,1.9674367,0,0.9183203,282.5526,-1.6799146,-1.0240576
2012-03-09T20:00:00Z,43.339286234347675,-5.858834520544583,0,50.39062,1.2267799,0,0.9251726,281.68057,-0.94512206,-0.7821338
2012-03-09T21:00:00Z,43.339286234347675,-5.858834520544583,0,32.817665,0.87575185,0,0.93557733,280.8703,-0.4746289,-0.73598146
2012-03-09T22:00:00Z,43.339286234347675,-5.858834520544583,0,86.75854,0.366228,0,0.93994653,280.2683,-0.3656421,-0.020708008
2012-03-09T23:00:00Z,43.339286234347675,-5.858834520544583,0,346.77704,0.20920628,0,0.93835473,279.86432,0.047854003,-0.20365967
2012-03-10T00:00:00Z,43.339286234347675,-5.858834520544583,0,272.70453,0.34883824,0,0.94311833,279.36307,0.3484497,-0.01645996
2012-03-10T01:00:00Z,43.339286234347675,-5.858834520544583,0,123.61147,0.6690773,0,0.9193004,279.17212,-0.5572144,0.37037355
2012-03-10T02:00:00Z,43.339286234347675,-5.858834520544583,1.0,96.837074,0.5987919,0,0.869691,279.21375,-0.5945337,0.07128418
2012-03-10T03:00:00Z,43.339286234347675,-5.858834520544583,1.0,107.3623,0.690878,0,0.8630469,279.63495,-0.6593994,0.206167
2012-03-10T04:00:00Z,43.339286234347675,-5.858834520544583,1.0,3.1795623,0.32356694,0,0.84553945,279.88593,-0.017946778,-0.32306886
2012-03-10T05:00:00Z,43.339286234347675,-5.858834520544583,0.98,59.588207,0.73035574,0,0.8444598,279.52075,-0.6298657,-0.36971435
2012-03-10T06:00:00Z,43.339286234347675,-5.858834520544583,0,124.54465,0.31929755,0,0.8448808,279.24524,-0.2630005,0.18105713
2012-03-10T07:00:00Z,43.339286234347675,-5.858834520544583,1.0,136.71358,0.83911335,0,0.81248945,279.59744,-0.5753345,0.6108203
2012-03-10T08:00:00Z,43.339286234347675,-5.858834520544583,1.0,22.929628,0.6829481,0,0.81307656,280.53876,-0.26607665,-0.6289844
2012-03-10T09:00:00Z,43.339286234347675,-5.858834520544583,1.0,248.55063,0.025824198,0,0.6714172,283.1383,0.024035644,0.009443359
2012-03-10T10:00:00Z,43.339286234347675,-5.858834520544583,0.98,311.12888,0.97853374,0,0.5579528,285.72382,0.737063,-0.6436353
2012-03-10T11:00:00Z,43.339286234347675,-5.858834520544583,0.86,357.32346,1.2576832,0,0.4945387,288.06195,0.05873047,-1.256311
2012-03-10T12:00:00Z,43.339286234347675,-5.858834520544583,0.85,27.999813,3.2138367,0,0.5451285,289.49713,-1.5087963,-2.8376539
2012-03-10T13:00:00Z,43.339286234347675,-5.858834520544583,1.0,34.22553,3.304197,0,0.5635475,289.71893,-1.8584522,-2.7320092
2012-03-10T14:00:00Z,43.339286234347675,-5.858834520544583,1.0,31.427122,3.8768418,0,0.60748065,289.13992,-2.021438,-3.308125
2012-03-10T15:00:00Z,43.339286234347675,-5.858834520544583,1.0,36.946625,3.6828125,0,0.63512677,288.47662,-2.2136304,-2.9432886
2012-03-10T16:00:00Z,43.339286234347675,-5.858834520544583,0.92,35.514057,4.4561768,0,0.69027346,287.44556,-2.5886059,-3.627207
2012-03-10T17:00:00Z,43.339286234347675,-5.858834520544583,0,39.1113,3.612512,0,0.7539035,286.11206,-2.278877,-2.8030274
2012-03-10T18:00:00Z,43.339286234347675,-5.858834520544583,0,47.79829,3.2506373,0,0.8243894,284.1048,-2.4080224,-2.1835914
2012-03-10T19:00:00Z,43.339286234347675,-5.858834520544583,0,48.112892,2.7110054,0,0.87536997,282.5625,-2.0182397,-1.8100439
2012-03-10T20:00:00Z,43.339286234347675,-5.858834520544583,0,57.709606,2.7028186,0,0.90542734,281.59262,-2.2848315,-1.4438745
2012-03-10T21:00:00Z,43.339286234347675,-5.858834520544583,0,60.92952,1.8133895,0,0.9468687,280.58725,-1.5849439,-0.8810986
2012-03-10T22:00:00Z,43.339286234347675,-5.858834520544583,0,45.199867,2.0878956,0,0.94938326,279.909,-1.4815063,-1.4712061
2012-03-10T23:00:00Z,43.339286234347675,-5.858834520544583,0,63.659138,2.2996268,0,0.95003706,279.35306,-2.0608568,-1.0203687
2012-03-11T00:00:00Z,43.339286234347675,-5.858834520544583,0,91.57655,1.9804493,0,0.9497078,278.84018,-1.9796997,0.054487303
